8592045093 0 75 11576 1538753226.462149
8592624618 0 75 11576 1538753226.5210629
8592624699 0 75 11576 1538753226.524407
8592624821 0 75 11576 1538753226.524961
8592634157 0 75 11576 1538753226.525259
8592634257 0 75 11576 1538753226.5255241
8592634295 0 75 11576 1538753226.525849
8592634446 0 75 11576 1538753226.526107
8592634678 0 75 11576 1538753226.526345
8592634761 0 75 11576 1538753226.526587
8592636196 0 75 11576 1538753226.526992
8592636252 0 75 11576 1538753226.527525
8592636320 0 75 11576 1538753226.527794
8592636451 0 75 11576 1538753226.5280101
8592636597 0 75 11576 1538753226.5282211
8592636697 0 75 11576 1538753226.528453
8592638973 0 75 11576 1538753226.528665
8592639035 0 75 11576 1538753226.528959
8592639225 0 75 11576 1538753226.5295742
8592639421 0 75 11576 1538753226.529861
8592639551 0 75 11576 1538753226.530119
8592639617 0 75 11576 1538753226.5303729
8592639644 0 75 11576 1538753226.530641
8592639692 0 75 11576 1538753226.530909
8592639730 0 75 11576 1538753226.532373
8592639805 0 75 11576 1538753226.533113
8592639864 0 75 11576 1538753226.5338259
8592639944 0 75 11576 1538753226.53452
8592640031 0 75 11576 1538753226.5350301
8592640066 0 75 11576 1538753226.535331
8592640090 0 75 11576 1538753226.535578
8592640125 0 75 11576 1538753226.536089
8592640163 0 75 11576 1538753226.536469
8592640201 0 75 11576 1538753226.536719
8592640341 0 75 11576 1538753226.536943
8592641402 0 75 11576 1538753226.537175
8592643206 0 75 11576 1538753226.5373929
8592658518 0 75 11576 1538753226.537624
8592659021 0 75 11576 1538753226.537843
8592659162 0 75 11576 1538753226.538067
8592659238 0 75 11576 1538753226.5382872
8592659298 0 75 11576 1538753226.538542
8592639692 0 73 11576 1538753226.539802
8592640066 0 73 11576 1538753226.540212
8592639944 0 73 11576 1538753226.5405269
8592634257 0 73 11576 1538753226.541003
8592639551 0 73 11576 1538753226.541278
8592636597 0 73 11576 1538753226.5415049
8592658518 0 73 11576 1538753226.5417209
8592640201 0 73 11576 1538753226.5420702
8592659162 0 73 11576 1538753226.542336
8592639225 0 73 11576 1538753226.542601
8592639644 0 73 11576 1538753226.5428472
8592659298 0 73 11576 1538753226.543082
8592639864 0 73 11576 1538753226.543313
8592643206 0 73 11576 1538753226.543537
8592634678 0 73 11576 1538753226.5437589
8592636252 0 73 11576 1538753226.543984
8592636697 0 73 11576 1538753226.54421
8592636196 0 73 11576 1538753226.5444329
8592634157 0 73 11576 1538753226.544689
8592640163 0 73 11576 1538753226.5449228
8592045093 0 73 11576 1538753226.545187
8592639617 0 73 11576 1538753226.545416
8592639805 0 73 11576 1538753226.5456462
8592641402 0 73 11576 1538753226.545942
8592636320 0 73 11576 1538753226.546279
8592634446 0 73 11576 1538753226.546539
8592624821 0 73 11576 1538753226.546759
8592634761 0 73 11576 1538753226.547894
8592638973 0 73 11576 1538753226.5498571
8592640125 0 73 11576 1538753226.5517101
8592640090 0 73 11576 1538753226.5525
8592639730 0 73 11576 1538753226.55282
8592640031 0 73 11576 1538753226.553061
8592624618 0 73 11576 1538753226.553411
8592636451 0 73 11576 1538753226.553731
8592639421 0 73 11576 1538753226.5539799
8592634295 0 73 11576 1538753226.554206
8592659021 0 73 11576 1538753226.5544188
8592659238 0 73 11576 1538753226.555125
8592640341 0 73 11576 1538753226.5557342
8592624699 0 73 11576 1538753226.556053
8592639035 0 73 11576 1538753226.556709
8593311592 0 75 11576 1538753226.557924
8593335784 0 75 11576 1538753226.5589242
8593335852 0 75 11576 1538753226.559879
8593335915 0 75 11576 1538753226.5604029
8593335967 0 75 11576 1538753226.560814
8593336022 0 75 11576 1538753226.561237
8593336416 0 75 11576 1538753226.561635
8593336470 0 75 11576 1538753226.562009
8593336494 0 75 11576 1538753226.562485
8593336528 0 75 11576 1538753226.562879
8593336554 0 75 11576 1538753226.563277
8593336613 0 75 11576 1538753226.5640419
8593336657 0 75 11576 1538753226.5653791
8593336687 0 75 11576 1538753226.5657911
8593336850 0 75 11576 1538753226.566145
8593336929 0 75 11576 1538753226.566448
8593337003 0 75 11576 1538753226.566699
8593337834 0 75 11576 1538753226.567034
8593338122 0 75 11576 1538753226.567292
8593338175 0 75 11576 1538753226.5676029
8593338229 0 75 11576 1538753226.567868
8593336494 0 76 11576 1538753226.56809
8592639692 0 76 11576 1538753226.5683022
8592640066 0 76 11576 1538753226.568519
8593335852 0 76 11576 1538753226.568733
8593336416 0 76 11576 1538753226.5689461
8592639944 0 76 11576 1538753226.569176
8592634257 0 76 11576 1538753226.569396
8592639551 0 76 11576 1538753226.569605
8592636597 0 76 11576 1538753226.569815
8593337003 0 76 11576 1538753226.5700228
8592658518 0 76 11576 1538753226.5702538
8593338122 0 76 11576 1538753226.5704699
8592640201 0 76 11576 1538753226.570678
8592659162 0 76 11576 1538753226.5708978
8593336657 0 76 11576 1538753226.5711172
8592639225 0 76 11576 1538753226.571752
8592639644 0 76 11576 1538753226.572326
8592659298 0 76 11576 1538753226.5727541
8593335915 0 76 11576 1538753226.573421
8592639864 0 76 11576 1538753226.57385
8593338229 0 76 11576 1538753226.951667 /usr/share/logstash/tmp/logi.61.1
8593336687 0 76 11576 1538753226.575782
8592643206 0 76 11576 1538753226.576746
8592634678 0 76 11576 1538753226.578232
8592636252 0 76 11576 1538753226.5785651
8592636697 0 76 11576 1538753226.579839
8592636196 0 76 11576 1538753226.580318
8592640163 0 76 11576 1538753226.580556
8593336528 0 76 11576 1538753226.5807638
8592045093 0 76 11576 1538753226.5809588
8593311592 0 76 11576 1538753226.581645
8592639617 0 76 11576 1538753226.58218
8592639805 0 76 11576 1538753226.582492
8593335967 0 76 11576 1538753226.582777
8593338175 0 76 11576 1538753226.582976
8592641402 0 76 11576 1538753226.583777
8593336850 0 76 11576 1538753226.584187
8592636320 0 76 11576 1538753226.584422
8592634446 0 76 11576 1538753226.584625
8592624821 0 76 11576 1538753226.5848382
8592634761 0 76 11576 1538753226.585052
8592638973 0 76 11576 1538753226.585239
8593336554 0 76 11576 1538753226.585447
8592640125 0 76 11576 1538753226.585786
8593335784 0 76 11576 1538753226.586057
8592640090 0 76 11576 1538753226.586255
8592639730 0 76 11576 1538753226.586458
8593336470 0 76 11576 1538753226.586735
8592640031 0 76 11576 1538753226.5870948
8592624618 0 76 11576 1538753226.587349
8593336022 0 76 11576 1538753226.5875468
8592636451 0 76 11576 1538753226.5877528
8592639421 0 76 11576 1538753226.5879369
8592634295 0 76 11576 1538753226.588601
8592659021 0 76 11576 1538753226.589083
8593336929 0 76 11576 1538753226.589566
8593336613 0 76 11576 1538753226.5901668
8592659238 0 76 11576 1538753226.5910912
8592640341 0 76 11576 1538753226.5918221
8593337834 0 76 11576 1538753226.592596
8592624699 0 76 11576 1538753226.593052
8592639035 0 76 11576 1538753226.5932639
8595138859 0 76 11576 1538753228.042391 /usr/share/logstash/tmp/logi3
8595139730 0 76 90282 1538754475.3237588 /usr/share/logstash/tmp/logi44
8593338229 0 74 11576 1539622244.825087 /usr/share/logstash/tmp/logi.61.1
8595333336 0 74 90282 1539622844.7741148 /usr/share/logstash/tmp/log44..log
8595334751 0 74 90282 1539625027.395915 /usr/share/logstash/tmp/log44.log
